00        101ft    Little River Inlet data                                  MAC
LR 50   21810430 1200 74 -181               0   93   20  127   25  117   35   98
LR 50   22   50   95   75   85  100   60  125   46  150   36  175   31  200   27
LR 50   23  225   23  250   18  275   15  300   12  325    6  350    1  375   -6
LR 50   24  400  -11  425  -17  450  -13  500  -42  550  -43  600  -42  650  -53
LR 50   25  700  -61  750  -71  800  -71  850  -85  900  -90  950  -96 1000  -99
LR 50   26 1050 -109 1100 -118 1150 -120 1200 -115 1250 -125 1300 -129 1350 -133
LR 50   27 1400 -135 1450 -134 1500 -140 1550 -141 1600 -142 1650 -150 1700 -148
LR 50   28 1750 -150 1800 -153 1850 -155 1900 -157 1950 -164 2000 -163 2050 -165
LR 50   29 2100 -160 2150 -174 2200 -165 2250 -173 2300 -172 2350 -175 2400 -168
LR 50   2A 2450 -169 2500 -171 2550 -171 2600 -171 2650 -172 2700 -176 2750 -176
LR 50   2B 2800 -175 2850 -180 2900 -178 2950 -181 3000 -180 3050 -180 3100 -180
LR 50   31810715 1200 76 -193               0   92   20   26   35   96   40   95
LR 50   32   60   85   80   76  100   60  120   49  140   37  160   35  180   33
LR 50   33  200   29  220   22  240   26  260   21  280   15  300    9  320    3
LR 50   34  340   -2  360   -8  380  -13  400  -15  420  -11  440  -11  460  -14
LR 50   35  480  -29  500  -40  550  -40  600  -44  650  -60  700  -63  750  -80
LR 50   36  800  -86  850  -90  900 -104  950 -109 1000 -102 1050 -116 1100 -121
LR 50   37 1150 -128 1200 -133 1250 -132 1300 -138 1350 -144 1400 -143 1450 -150
LR 50   38 1500 -152 1550 -154 1600 -152 1650 -158 1700 -159 1750 -159 1800 -160
LR 50   39 1850 -159 1900 -168 1950 -162 2000 -170 2050 -170 2100 -168 2150 -172
LR 50   3A 2200 -170 2250 -173 2300 -173 2350 -174 2400 -180 2450 -178 2500 -183
LR 50   3B 2550 -180 2600 -181 2650 -185 2700 -190 2750 -188 2800 -188 2850 -190
LR 50   3C 2900 -191 2950 -193    0    0    0    0    0    0    0    0    0    0
LR 50   41811015 1200 67 -200               0   93   20  127   25  118   50   94
LR 50   42   75   79  100   63  125   53  150   40  175   32  200   29  225   19
LR 50   43  250   15  275   10  300    5  325   -1  350   -4  375   -8  400  -20
LR 50   44  450  -71  500  -82  550  -86  600  -92  650 -100  700 -104  750 -117
LR 50   45  800 -109  850 -126  900 -121  950 -125 1000 -130 1050 -137 1100 -140
LR 50   46 1150 -140 1200 -143 1250 -145 1300 -146 1350 -148 1400 -153 1450 -147
LR 50   47 1500 -160 1550 -153 1600 -160 1650 -161 1700 -160 1750 -159 1800 -168
LR 50   48 1850 -161 1900 -169 1950 -164 2000 -172 2050 -169 2100 -171 2150 -180
LR 50   49 2200 -171 2250 -179 2300 -180 2350 -175 2400 -180 2450 -183 2500 -182
LR 50   4A 2550 -181 2600 -184 2650 -181 2700 -190 2750 -191 2800 -190 2850 -200
LR 50   51820115 1200 60 -190              50   93   75   79  100   66  125   49
LR 50   52  150   40  175   34  200   28  225   23  250   19  275   14  300    9
LR 50   53  325    7  350    3  375   -2  400   -7  450  -82  500  -88  550  -97
LR 50   54  600 -102  650 -104  700 -114  750 -120  800 -120  850 -123  900 -132
LR 50   55  950 -134 1000 -136 1050 -140 1100 -145 1150 -149 1200 -147 1250 -153
LR 50   56 1300 -157 1350 -158 1400 -155 1450 -160 1500 -161 1550 -159 1600 -168
LR 50   57 1650 -167 1700 -163 1750 -170 1800 -164 1850 -168 1900 -172 1950 -172
LR 50   58 2000 -170 2050 -177 2100 -176 2150 -177 2200 -179 2250 -180 2300 -186
LR 50   59 2350 -182 2400 -188 2450 -185 2500 -186 2550 -187 2600 -190 2650 -190
