 1 3 1   93 93     29.00    500.00  METERS
PIANC Data
   11.67   10.60   10.54   10.43   10.18   10.03   10.02    9.92    9.65    9.46
    9.29    9.19    9.19    9.10    9.06    8.98    8.92    8.89    8.85    8.77
    8.76    8.74    8.71    8.63    8.56    8.54    8.52    8.50    8.41    8.32
    8.30    8.27    8.24    8.13    8.12    8.09    8.06    8.06    8.04    8.04
    7.99    7.94    7.86    7.86    7.84    7.83    7.79    7.77    7.73    7.72
    7.71    7.70    7.70    7.67    7.62    7.62    7.57    7.55    7.55    7.55
    7.54    7.53    7.53    7.53    7.53    7.53    7.52    7.51    7.44    7.44
    7.42    7.41    7.41    7.36    7.36    7.35    7.34    7.34    7.32    7.22
    7.22    7.18    7.16    7.16    7.15    7.12    7.08    7.05    7.04    7.04
    7.03    7.03    7.00
90
