 7 1 1   1988.00    8.00   23.00   12.00   38.00   60.00       1       1       1
       4       5 4.00000 1.000000.0500000.000700
       1T          30.00    0.00ft            78
  -0.500  -0.490  -0.470  -0.430  -0.370  -0.300  -0.220  -0.120  -0.020   0.100
   0.220   0.350   0.490   0.630   0.770   0.910   1.050   1.190   1.310   1.440
   1.550   1.650   1.740   1.820   1.890   1.940   1.980   2.000   2.000   1.980
   1.940   1.880   1.790   1.690   1.570   1.430   1.280   1.130   0.970   0.800
   0.640   0.480   0.320   0.180   0.060  -0.050  -0.150  -0.220  -0.270  -0.300
  -0.300  -0.290  -0.260  -0.230  -0.180  -0.110  -0.040   0.040   0.130   0.230
   0.340   0.450   0.560   0.680   0.800   0.920   1.030   1.140   1.250   1.350
   1.440   1.530   1.600   1.670   1.720   1.760   1.780   1.800
       10.18E+10sq ft       0.00    0.00cfs            0
       1       1  104.00 1750.00feet          42
   0.000 -27.000 -27.000 -27.000 -27.000 -27.000 -27.000 -27.000 -27.000 -27.000
 -27.000 -18.000 -13.000 -13.000 -13.000 -13.000 -13.000 -13.000 -13.000 -18.000
 -24.000 -30.000 -32.000 -34.000 -34.000 -34.000 -34.000 -32.000 -32.000 -32.000
 -32.000 -24.000 -24.000 -24.000 -24.000 -25.000 -25.000 -18.000 -18.000 -18.000
 -18.000   0.000
       1       2  104.00 1625.00feet          15
   0.000 -30.000 -33.000 -33.000 -33.000 -34.000 -34.000 -34.000 -34.000 -34.000
 -30.000 -30.000 -20.000 -10.000   0.000
       1       3  104.00 1917.00feet          24
   0.000 -12.000 -18.000 -20.000 -25.000 -30.000 -33.000 -34.000 -34.000 -34.000
 -34.000 -34.000 -34.000 -30.000 -18.000 -12.000  -8.000  -8.000  -8.000  -6.000
  -6.000  -6.000  -6.000   0.000
       1       4  104.00 1250.00feet          14
   0.000 -18.000 -37.000 -37.000 -50.000 -50.000 -50.000 -34.000 -34.000 -34.000
 -34.000 -24.000 -18.000   0.000
       1       5  104.00    0.00feet          37
   0.000 -11.000 -11.000 -11.000 -12.000 -12.000 -17.000 -17.000 -17.000 -15.000
 -15.000 -15.000 -18.000 -25.000 -25.000 -20.000 -20.000 -20.000 -34.000 -34.000
 -34.000 -34.000 -23.000 -18.000 -10.000 -10.000 -10.000 -10.000 -10.000 -10.000
 -10.000 -10.000 -10.000 -10.000 -10.000 -10.000   0.000
   30.00       4
       1       2       2       1       2       1       1       2       3       1
       2       4
