00        101ft    Sample profile data distributed with ISRP program 811120 WAB
39188  511811110 1530 45 -290             183  228  196  201  203  173  215  137
39188  512  221  119  246  103  251   88  268   68  282   50  325   21  363  -15
39188  513  397  -31  430  -45  456  -66  483  -86  511  -86  538  -86  577  -90
39188  514  620  -90  660  -90  723  -90  785  -86  842  -78  906  -83  973  -97
39188  515 1038 -112 1101 -123 1184 -135 1305 -151 1420 -162 1544 -174 1670 -183
39188  516 1768 -189 1914 -199 2068 -210 2208 -219 2354 -230 2473 -237 2601 -247
39188  517 2723 -255 2847 -264 2969 -270 3091 -275 3225 -282 3345 -290
39188  521811116 1300 46 -259             171  208  183  228  192  213  201  185
39188  522  206  157  209  123  217  105  225   91  264   35  289    7  314   -3
39188  523  349   -9  375  -10  398  -16  422  -22  459  -36  496  -57  535  -76
39188  524  576  -91  612  -99  660 -106  711 -113  753 -118  804 -122  859 -126
39188  525  919 -125  988 -118 1062 -107 1089 -105 1137 -104 1178 -107 1221 -113
39188  526 1308 -131 1388 -144 1510 -161 1608 -172 1705 -181 1813 -189 1959 -199
39188  527 2066 -208 2179 -216 2304 -226 2413 -234 2538 -244 2668 -253 2791 -259
39200   81820421 1015 39 -268             157  197  168  206  184  167  197  156
39200   82  214  159  218  139  234  113  247   98  290   70  333   37  376    7
39200   83  415   -6  461  -28  504  -45  549  -74  596 -100  650 -108  711 -107
39200   84  777 -109  851 -115  927 -116 1002 -113 1076 -110 1168 -113 1256 -121
39200   85 1341 -131 1421 -142 1497 -151 1650 -170 1798 -183 1937 -195 2106 -209
39200   86 2253 -220 2397 -229 2536 -237 2687 -246 2836 -254 2955 -260 3129 -268
39200   91820602 1530 43 -278             157  196  168  205  177  186  191  160
39200   92  206  158  214  160  221  135  239  107  254   95  256   93  300   69
39200   93  340   55  387   -2  437  -20  481  -37  543  -65  596  -90  648 -104
39200   94  709 -111  788 -115  856 -115  916 -112  975 -109 1049 -109 1118 -113
39200   95 1199 -120 1279 -129 1365 -140 1483 -156 1615 -169 1760 -183 1872 -194
39200   96 1994 -202 2139 -214 2276 -226 2416 -233 2549 -240 2695 -248 2828 -255
39200   97 2956 -263 3082 -267 3193 -274 3238 -278
