 1 3 1   78 78     20.00    500.00  METERS
KODIAK Data
   11.70   10.20   10.10   10.00    9.90    9.40    9.30    9.20    9.10    9.10
    8.90    8.80    8.80    8.60    8.60    8.50    8.50    8.40    8.40    8.20
    8.20    8.20    8.10    8.10    8.00    8.00    7.80    7.80    7.70    7.70
    7.60    7.50    7.40    7.40    7.40    7.40    7.30    7.20    7.20    7.20
    7.20    7.10    7.10    7.10    7.00    7.00    6.90    6.90    6.90    6.80
    6.70    6.70    6.70    6.70    6.60    6.60    6.60    6.60    6.50    6.50
    6.50    6.40    6.30    6.30    6.30    6.30    6.30    6.30    6.30    6.30
    6.20    6.20    6.10    6.10    6.10    6.00    6.00    6.00
95
