 1 4 1  1989.000   1.000  10.000  10.000 120.000  15.000
Buzzards Bay Entrance, MA (Datum MLLW)             min  
   1.790  ft          70.620  feet    C
   1.621 269.900   0.303 283.600   0.447 245.100   0.262 114.000   0.266 136.700
   0.221 123.900   0.070 241.900   0.045 138.000   0.000   0.000   0.113  82.200
   0.077 262.200   0.000   0.000   0.070 225.000   0.071 225.700   0.000   0.000
   0.011 276.300   0.038  55.300   0.016 119.000   0.017 109.000   0.000   0.000
   0.037  44.600   0.112 151.600   0.000   0.000   0.000   0.000   0.000   0.000
   0.045 112.600   0.018 283.600   0.000   0.000   0.000   0.000   0.091 123.800
   0.000   0.000   0.000   0.000   0.045 294.700   0.039 159.000   0.091 274.200
   0.000   0.000   0.076 231.000
