 OC14DB     OCEAN CITY SEDIMENT ANALYSIS                       9/22/88          
 KLM        PROFILE 14                                         14               
 12.70     F          F          F          F9.00                  7/14/89      
 DUNE BASE              21.477 27 phi
-2.25   0.000 -2.00   0.000 -1.75   0.000 -1.50   0.001 -1.25   0.025           
-1.00   0.007 -0.75   0.016 -0.50   0.048 -0.25   0.041  0.00   0.083           
 0.25   0.205  0.50   0.344  0.75   0.609  1.00   2.301  1.25   2.170           
 1.50   2.900  1.75   4.406  2.00   3.973  2.25   2.188  2.50   1.193           
 2.75   0.525  3.00   0.252  3.25   0.096  3.50   0.027  3.75   0.006           
 4.00   0.000  4.25   0.006                                                     
 
 OC14MT     OCEAN CITY, MD SEDIMENT ANALYSIS                   9/22/88          
 TTK        PROFILE 14                                         14               
 2.12      F          F          F          F262.68                7/14/89      
 MID TIDE               22.870 27 phi
-2.25   0.000 -2.00   0.000 -1.75   0.000 -1.50   0.000 -1.25   0.000           
-1.00   0.000 -0.75   0.000 -0.50   0.000 -0.25   0.000  0.00   0.000           
 0.25   0.000  0.50   0.000  0.75   0.000  1.00   0.007  1.25   0.066           
 1.50   0.446  1.75   2.055  2.00   3.959  2.25   4.046  2.50   5.028           
 2.75   3.827  3.00   2.145  3.25   0.888  3.50   0.207  3.75   0.073           
 4.00   0.004  4.25   0.001                                                     
 
 OC14BC     OCEAN CITY, MD SEDIMENT ANALYSIS                   9/22/88          
 TTK        PROFILE 14                                         14               
 5.42      F          F          F          F209.45                7/14/89      
 BERM CREST             23.327 27 phi
-2.25   0.000 -2.00   0.000 -1.75   0.000 -1.50   0.000 -1.25   0.000           
-1.00   0.000 -0.75   0.000 -0.50   0.000 -0.25   0.000  0.00   0.000           
 0.25   0.007  0.50   0.019  0.75   0.006  1.00   0.122  1.25   0.257           
 1.50   0.741  1.75   2.823  2.00   5.675  2.25   5.180  2.50   4.286           
 2.75   2.029  3.00   1.125  3.25   0.682  3.50   0.236  3.75   0.053           
 4.00   0.014  4.25   0.000                                                     
 
 OC14S      OCEAN CITY, MD SEDIMENT ANALYSIS                   9/22/88          
 TTK        PROFILE 14                                         14               
 -1.58     F          F          F          F347.42                7/14/89      
 STEP                   23.066 27 phi
-2.25   0.000 -2.00   0.023 -1.75   0.012 -1.50   0.026 -1.25   0.031           
-1.00   0.011 -0.75   0.007 -0.50   0.051 -0.25   0.076  0.00   0.152           
 0.25   0.414  0.50   0.692  0.75   1.194  1.00   4.154  1.25   2.869           
 1.50   2.285  1.75   2.567  2.00   2.116  2.25   1.664  2.50   1.917           
 2.75   1.413  3.00   0.888  3.25   0.363  3.50   0.073  3.75   0.015           
 4.00   0.000  4.25   0.000                                                     
 
 OC14-0     OCEAN CITY SEDIMENT ANALYSIS                       9/22/88          
 KLM        PROFILE 14                                         14               
 0.12      F          F          F          F298.64                7/14/89      
 0 NGVD                 21.175 27 phi
-2.25   0.000 -2.00   0.000 -1.75   0.000 -1.50   0.000 -1.25   0.000           
-1.00   0.000 -0.75   0.000 -0.50   0.000 -0.25   0.000  0.00   0.000           
 0.25   0.000  0.50   0.007  0.75   0.026  1.00   0.217  1.25   0.281           
 1.50   1.000  1.75   2.977  2.00   4.059  2.25   3.350  2.50   3.638           
 2.75   2.782  3.00   1.640  3.25   0.779  3.50   0.197  3.75   0.057           
 4.00   0.003  4.25   0.001                                                     
 
 OC14-5     OCEAN CITY, MD SEDIMENT ANALYSIS                   9/22/88          
 TTK        PROFILE 14                                         14               
 -5.08     F          F          F          F422.57                7/14/89      
 -5 NGVD                20.915 27 phi
-2.25   0.000 -2.00   0.015 -1.75   0.000 -1.50   0.000 -1.25   0.100           
-1.00   0.070 -0.75   0.145 -0.50   0.126 -0.25   0.255  0.00   0.217           
 0.25   0.267  0.50   0.267  0.75   0.230  1.00   0.493  1.25   0.296           
 1.50   0.349  1.75   0.612  2.00   0.921  2.25   1.295  2.50   2.389           
 2.75   4.177  3.00   3.814  3.25   3.042  3.50   1.054  3.75   0.504           
 4.00   0.091  4.25   0.017                                                     
 
 OC14-10    OCEAN CITY, MD SEDIMENT ANALYSIS                   9/22/88          
 TTK        PROFILE 14                                         14               
 -9.88     F          F          F          F507.70                7/15/89      
 -10 NGVD               23.057 27 phi
-2.25   0.000 -2.00   0.045 -1.75   0.000 -1.50   0.000 -1.25   0.000           
-1.00   0.005 -0.75   0.018 -0.50   0.040 -0.25   0.026  0.00   0.030           
 0.25   0.058  0.50   0.075  0.75   0.083  1.00   0.318  1.25   0.296           
 1.50   0.562  1.75   1.234  2.00   2.110  2.25   2.400  2.50   3.535           
 2.75   4.261  3.00   3.331  3.25   2.926  3.50   1.085  3.75   0.506           
 4.00   0.085  4.25   0.012                                                     
 
 OC14-15    OCEAN CITY, MD SEDIMENT ANALYSIS                   9/22/88          
 RER        PROFILE 14                                         14               
 -15.08    F          F          F          F632.50                7/15/89      
 -15 NGVD               22.368 27 phi
-2.25   0.000 -2.00   0.214 -1.75   0.001 -1.50   0.000 -1.25   0.058           
-1.00   0.032 -0.75   0.096 -0.50   0.115 -0.25   0.095  0.00   0.076           
 0.25   0.134  0.50   0.119  0.75   0.118  1.00   0.487  1.25   0.591           
 1.50   1.024  1.75   2.140  2.00   3.037  2.25   2.744  2.50   3.003           
 2.75   2.500  3.00   2.077  3.25   1.981  3.50   0.958  3.75   0.587           
 4.00   0.134  4.25   0.023                                                     
 
 OC14-20    OCEAN CITY, MD SEDIMENT ANALYSIS                   9/22/88          
 KLM        PROFILE 14                                         14               
 -20.18    F          F          F          F999.00                7/15/89      
 -20 NGVD               21.346 27 phi
-2.25   0.000 -2.00   0.015 -1.75   0.000 -1.50   0.044 -1.25   0.021           
-1.00   0.017 -0.75   0.003 -0.50   0.032 -0.25   0.031  0.00   0.062           
 0.25   0.229  0.50   0.384  0.75   0.800  1.00   3.750  1.25   3.182           
 1.50   2.235  1.75   3.185  2.00   2.236  2.25   1.438  2.50   1.231           
 2.75   0.767  3.00   0.405  3.25   0.194  3.50   0.078  3.75   0.078           
 4.00   0.031  4.25   0.016                                                     
 
 OC14-25    OCEAN CITY, MD SEDIMENT ANALYSIS                   9/22/88          
 TTK        PROFILE 14                                         14               
 -25.08    F          F          F          F1242.00               7/15/89      
 -25 NGVD               21.710 27 phi
-2.25   0.000 -2.00   2.785 -1.75   0.069 -1.50   0.089 -1.25   0.026           
-1.00   0.030 -0.75   0.090 -0.50   0.131 -0.25   0.264  0.00   0.342           
 0.25   0.735  0.50   1.127  0.75   1.688  1.00   4.498  1.25   2.414           
 1.50   2.138  1.75   1.919  2.00   1.152  2.25   0.603  2.50   0.489           
 2.75   0.307  3.00   0.152  3.25   0.128  3.50   0.144  3.75   0.200           
 4.00   0.080  4.25   0.037                                                     
 
 OC19DB     OCEAN CITY, MD SEDIMENT ANALYSIS                   9/21/88          
 KLM        PROFILE 19                                         19               
 9.00      F          F          F          F100.00                7/12/89      
 DUNE BASE              23.284 27 phi
-2.25   0.000 -2.00   0.000 -1.75   0.000 -1.50   0.029 -1.25   0.017           
-1.00   0.023 -0.75   0.043 -0.50   0.035 -0.25   0.041  0.00   0.126           
 0.25   0.244  0.50   0.350  0.75   0.472  1.00   1.846  1.25   1.897           
 1.50   2.728  1.75   4.833  2.00   4.221  2.25   2.619  2.50   1.927           
 2.75   1.059  3.00   0.492  3.25   0.133  3.50   0.024  3.75   0.011           
 4.00   0.000  4.25   0.003                                                     
 
 OC19MB     OCEAN CITY, MD SEDIMENT ANALYSIS                   9/21/88          
 RER        PROFILE 19                                         19               
 6.73      F          F          F          F139.47                7/12/89      
 MID BERM               25.508 27 phi
-2.25   0.000 -2.00   0.000 -1.75   0.000 -1.50   0.048 -1.25   0.009           
-1.00   0.024 -0.75   0.003 -0.50   0.015 -0.25   0.064  0.00   0.066           
 0.25   0.176  0.50   0.229  0.75   0.335  1.00   1.279  1.25   1.458           
 1.50   2.774  1.75   5.501  2.00   5.190  2.25   3.262  2.50   2.560           
 2.75   1.426  3.00   0.679  3.25   0.219  3.50   0.068  3.75   0.027           
 4.00   0.000  4.25   0.005                                                     
 
 OC19BC     OCEAN CITY, MD SEDIMENT ANALYSIS                   9/21/88          
 RER        PROFILE 19                                         19               
 6.23      F          F          F          F156.92                7/13/89      
 BERM CREST             22.198 27 phi
-2.25   0.000 -2.00   0.000 -1.75   0.000 -1.50   0.051 -1.25   0.002           
-1.00   0.006 -0.75   0.016 -0.50   0.005 -0.25   0.012  0.00   0.021           
 0.25   0.063  0.50   0.089  0.75   0.127  1.00   0.535  1.25   0.606           
 1.50   1.326  1.75   4.001  2.00   5.802  2.25   3.956  2.50   2.819           
 2.75   1.358  3.00   0.683  3.25   0.416  3.50   0.164  3.75   0.066           
 4.00   0.007  4.25   0.009                                                     
 
 OC19-0     OCEAN CITY, MD SEDIMENT ANALYSIS                   9/21/88          
 RER        PROFILE 19                                         19               
 -0.17     F          F          F          F272.03                7/12/89      
 0 NGVD                 21.182 27 phi
-2.25   0.000 -2.00   0.136 -1.75   0.000 -1.50   0.006 -1.25   0.002           
-1.00   0.004 -0.75   0.015 -0.50   0.013 -0.25   0.011  0.00   0.014           
 0.25   0.017  0.50   0.023  0.75   0.032  1.00   0.160  1.25   0.174           
 1.50   0.460  1.75   1.816  2.00   3.835  2.25   3.917  2.50   4.259           
 2.75   3.202  3.00   1.869  3.25   0.875  3.50   0.234  3.75   0.086           
 4.00   0.018  4.25   0.004                                                     
 
 OC19S      OCEAN CITY, MD SEDIMENT ANALYSIS                   9/21/88          
 RER        PROFILE 19                                         19               
 -1.67     F          F          F          F334.74                7/13/89      
 STEP                   25.029 27 phi
-2.25   0.000 -2.00   0.004 -1.75   0.001 -1.50   0.000 -1.25   0.002           
-1.00   0.007 -0.75   0.002 -0.50   0.012 -0.25   0.024  0.00   0.041           
 0.25   0.222  0.50   0.416  0.75   0.873  1.00   3.307  1.25   2.624           
 1.50   3.101  1.75   4.092  2.00   3.491  2.25   2.228  2.50   1.927           
 2.75   1.331  3.00   0.782  3.25   0.378  3.50   0.098  3.75   0.032           
 4.00   0.008  4.25   0.011                                                     
 
 OC19MT     OCEAN CITY, MD SEDIMENT ANALYSIS                   9/21/88          
 RER        PROFILE 19                                         19               
 1.13      F          F          F          F230.57                7/13/89      
 MID TIDE               23.878 27 phi
-2.25   0.000 -2.00   0.000 -1.75   0.000 -1.50   0.000 -1.25   0.000           
-1.00   0.000 -0.75   0.000 -0.50   0.027 -0.25   0.000  0.00   0.001           
 0.25   0.009  0.50   0.000  0.75   0.000  1.00   0.002  1.25   0.000           
 1.50   0.041  1.75   0.586  2.00   3.001  2.25   4.725  2.50   6.959           
 2.75   5.069  3.00   2.271  3.25   0.830  3.50   0.204  3.75   0.084           
 4.00   0.015  4.25   0.000                                                     
 
 OC19-5     OCEAN CITY, MD SEDIMENT ANALYSIS                   9/21/88          
 RER        PROFILE 19                                         19               
 -4.97     F          F          F          F404.37                7/1/89       
 -5 NGVD                22.921 27 phi
-2.25   0.000 -2.00   0.000 -1.75   0.000 -1.50   0.000 -1.25   0.039           
-1.00   0.000 -0.75   0.000 -0.50   0.000 -0.25   0.013  0.00   0.023           
 0.25   0.110  0.50   0.139  0.75   0.233  1.00   0.794  1.25   0.657           
 1.50   0.929  1.75   1.738  2.00   2.298  2.25   2.423  2.50   3.330           
 2.75   3.478  3.00   2.954  3.25   2.380  3.50   0.884  3.75   0.389           
 4.00   0.062  4.25   0.015                                                     
 
 OC19-10    OCEAN CITY, MD SEDIMENT ANALYSIS                   9/21/88          
 TTK        PROFILE 19                                         19               
 -10.07    F          F          F          F506.16                7/13/89      
 -10 NGVD               23.291 27 phi
-2.25   0.000 -2.00   0.000 -1.75   0.000 -1.50   0.000 -1.25   0.000           
-1.00   0.000 -0.75   0.000 -0.50   0.006 -0.25   0.004  0.00   0.007           
 0.25   0.018  0.50   0.026  0.75   0.050  1.00   0.314  1.25   0.436           
 1.50   0.912  1.75   2.161  2.00   3.382  2.25   3.114  2.50   2.894           
 2.75   2.182  3.00   2.043  3.25   2.845  3.50   1.541  3.75   0.974           
 4.00   0.230  4.25   0.056                                                     
 
 OC19-15    OCEAN CITY, MD SEDIMENT ANALYSIS                   9/21/88          
 TTK        PROFILE 19                                         19               
 -14.97    F          F          F          F686.98                7/13/89      
 -15 NGVD               22.557 27 phi
-2.25   0.000 -2.00   0.000 -1.75   0.000 -1.50   0.000 -1.25   0.000           
-1.00   0.000 -0.75   0.000 -0.50   0.000 -0.25   0.000  0.00   0.000           
 0.25   0.000  0.50   0.004  0.75   0.010  1.00   0.110  1.25   0.181           
 1.50   0.449  1.75   1.155  2.00   1.901  2.25   1.706  2.50   1.580           
 2.75   1.419  3.00   2.064  3.25   5.409  3.50   3.102  3.75   2.242           
 4.00   0.758  4.25   0.343                                                     
 
 OC19-20    OCEAN CITY, MD SEDIMENT ANALYSIS                   9/21/88          
 RER        PROFILE 19                                         19               
 -20.07    F          F          F          F970.10                7/13/89      
 -20 NGVD               23.124 27 phi
-2.25   0.000 -2.00   0.000 -1.75   0.000 -1.50   0.000 -1.25   0.003           
-1.00   0.004 -0.75   0.008 -0.50   0.017 -0.25   0.000  0.00   0.000           
 0.25   0.004  0.50   0.004  0.75   0.021  1.00   0.071  1.25   0.062           
 1.50   0.077  1.75   0.120  2.00   0.114  2.25   0.123  2.50   0.258           
 2.75   0.698  3.00   2.192  3.25   9.501  3.50   5.199  3.75   2.992           
 4.00   0.000  4.25   0.000                                                     
 
 OC21DB     OCEAN CITY, MD SEDIMENT ANALYSIS                   9/19/88          
 TTK        PROFILE 21                                         21               
 10.40     F          F          F          F49.00                 6/1/89       
 DUNE BASE              20.290 27 phi
-2.25   0.000 -2.00   0.067 -1.75   0.044 -1.50   0.170 -1.25   0.031           
-1.00   0.099 -0.75   0.072 -0.50   0.135 -0.25   0.163  0.00   0.188           
 0.25   0.409  0.50   0.535  0.75   0.739  1.00   3.007  1.25   2.541           
 1.50   3.148  1.75   3.618  2.00   2.197  2.25   1.232  2.50   0.889           
 2.75   0.503  3.00   0.281  3.25   0.083  3.50   0.022  3.75   0.013           
 4.00   0.008  4.25   0.004                                                     
 
 OC21BC     OCEAN CITY, MD SEDIMENT ANALYSIS                   9/19/88          
 TTK        PROFILE 21                                         21               
 6.02      F          F          F          F141.69                6/1/89       
 BERM CREST             19.353 27 phi
-2.25   0.000 -2.00   0.095 -1.75   0.056 -1.50   0.000 -1.25   0.096           
-1.00   0.041 -0.75   0.059 -0.50   0.041 -0.25   0.145  0.00   0.149           
 0.25   0.309  0.50   0.338  0.75   0.548  1.00   2.171  1.25   1.925           
 1.50   2.565  1.75   3.303  2.00   2.657  2.25   1.646  2.50   1.250           
 2.75   0.751  3.00   0.548  3.25   0.348  3.50   0.095  3.75   0.020           
 4.00   0.000  4.25   0.000                                                     
 
 OC21MT     OCEAN CITY, MD SEDIMENT ANALYSIS                   9/19/88          
 TTK        PROFILE 21                                         21               
 3.42      F          F          F          F163.83                6/1/89       
 MID TIDE               22.260 27 phi
-2.25   0.000 -2.00   0.000 -1.75   0.000 -1.50   0.000 -1.25   0.000           
-1.00   0.000 -0.75   0.000 -0.50   0.000 -0.25   0.000  0.00   0.000           
 0.25   0.006  0.50   0.000  0.75   0.006  1.00   0.010  1.25   0.007           
 1.50   0.069  1.75   0.685  2.00   2.907  2.25   4.872  2.50   6.518           
 2.75   4.454  3.00   1.947  3.25   0.588  3.50   0.134  3.75   0.051           
 4.00   0.009  4.25   0.000                                                     
 
 OC21SZ     OCEAN CITY, MD SEDIMENT ANALYSIS                   9/19/88          
 TTK        PROFILE 21 ELEV 0                                  21               
 -0.08     F          F          F          F243.54                6/1/89       
 SWASH ZONE             20.937 27 phi
-2.25   0.000 -2.00   0.000 -1.75   0.030 -1.50   0.161 -1.25   0.066           
-1.00   0.088 -0.75   0.120 -0.50   0.144 -0.25   0.203  0.00   0.200           
 0.25   0.404  0.50   0.549  0.75   0.773  1.00   2.467  1.25   1.487           
 1.50   1.604  1.75   2.170  2.00   2.112  2.25   1.962  2.50   2.387           
 2.75   1.934  3.00   1.246  3.25   0.608  3.50   0.192  3.75   0.067           
 4.00   0.013  4.25   0.002                                                     
 
 OC21S      OCEAN CITY, MD SEDIMENT ANALYSIS                   9/19/88          
 TTK        PROFILE 21                                         21               
 -2.48     F          F          F          F299.53                6/5/89       
 STEP                   41.041 27 phi
-2.25   0.000 -2.00   2.904 -1.75   0.452 -1.50   0.665 -1.25   0.822           
-1.00   0.824 -0.75   1.103 -0.50   1.162 -0.25   1.245  0.00   0.943           
 0.25   1.139  0.50   0.935  0.75   0.973  1.00   2.572  1.25   1.443           
 1.50   1.623  1.75   2.575  2.00   3.171  2.25   3.184  2.50   4.395           
 2.75   3.962  3.00   2.458  3.25   1.455  3.50   0.621  3.75   0.327           
 4.00   0.076  4.25   0.008                                                     
 
 OC21-5     OCEAN CITY, MD SEDIMENT ANALYSIS                   9/19/88          
 TTK        PROFILE 21                                         21               
 -4.88     F          F          F          F350.57                6/5/89       
 -5 NGVD                19.993 27 phi
-2.25   0.000 -2.00   0.000 -1.75   0.045 -1.50   0.000 -1.25   0.116           
-1.00   0.081 -0.75   0.028 -0.50   0.075 -0.25   0.126  0.00   0.140           
 0.25   0.244  0.50   0.230  0.75   0.284  1.00   0.805  1.25   0.583           
 1.50   0.819  1.75   1.604  2.00   2.138  2.25   2.403  2.50   3.430           
 2.75   3.022  3.00   1.941  3.25   1.136  3.50   0.452  3.75   0.223           
 4.00   0.051  4.25   0.002                                                     
 
 OC21-10    OCEAN CITY, MD SEDIMENT ANALYSIS                   9/19/88          
 RER        PROFILE 21                                         21               
 -10.08    F          F          F          F442.72                7/12/89      
 -10 NGVD               20.082 27 phi
-2.25   0.000 -2.00   0.000 -1.75   0.000 -1.50   0.000 -1.25   0.000           
-1.00   0.000 -0.75   0.000 -0.50   0.005 -0.25   0.000  0.00   0.001           
 0.25   0.000  0.50   0.004  0.75   0.003  1.00   0.029  1.25   0.036           
 1.50   0.090  1.75   0.324  2.00   0.787  2.25   1.165  2.50   1.996           
 2.75   3.220  3.00   3.525  3.25   5.226  3.50   1.913  3.75   1.292           
 4.00   0.306  4.25   0.066                                                     
 
 OC21-15    OCEAN CITY, MD SEDIMENT ANALYSIS                   9/19/88          
 RER        PROFILE 21                                         21               
 -15.18    F          F          F          F591.40                7/12/89      
 -15 NGVD               23.790 27 phi
-2.25   0.000 -2.00   0.000 -1.75   0.000 -1.50   0.000 -1.25   0.039           
-1.00   0.004 -0.75   0.000 -0.50   0.013 -0.25   0.042  0.00   0.050           
 0.25   0.111  0.50   0.158  0.75   0.290  1.00   1.004  1.25   0.734           
 1.50   1.012  1.75   1.578  2.00   1.725  2.25   1.446  2.50   1.345           
 2.75   1.289  3.00   2.123  3.25   5.310  3.50   2.866  3.75   1.867           
 4.00   0.552  4.25   0.165                                                     
 
 OC21-20    OCEAN CITY, MD SEDIMENT ANALYSIS                   9/19/88          
 RER        PROFILE 21                                         21               
 -20.28    F          F          F          F867.60                7/12/89      
 -20 NGVD               25.344 27 phi
-2.25   0.000 -2.00   0.000 -1.75   0.000 -1.50   0.029 -1.25   0.026           
-1.00   0.002 -0.75   0.000 -0.50   0.000 -0.25   0.000  0.00   0.000           
 0.25   0.000  0.50   0.001  0.75   0.000  1.00   0.000  1.25   0.003           
 1.50   0.005  1.75   0.020  2.00   0.028  2.25   0.033  2.50   0.098           
 2.75   0.216  3.00   1.268  3.25  11.069  3.50   6.579  3.75   3.939           
 4.00   1.027  4.25   0.899                                                     
 
 OC21-25    OCEAN CITY, MD SEDIMENT ANALYSIS                   9/19/88          
 RER        PROFILE 21                                         21               
 -25.08    F          F          F          F1779.80               7/12/89      
 -25 NGVD               20.930 27 phi
-2.25   0.000 -2.00   0.000 -1.75   0.011 -1.50   0.037 -1.25   0.000           
-1.00   0.002 -0.75   0.007 -0.50   0.000 -0.25   0.000  0.00   0.000           
 0.25   0.001  0.50   0.019  0.75   0.020  1.00   0.054  1.25   0.042           
 1.50   0.056  1.75   0.119  2.00   0.199  2.25   0.299  2.50   0.485           
 2.75   0.966  3.00   2.776  3.25   5.909  3.50   3.923  3.75   3.737           
 4.00   1.346  4.25   0.764                                                     
 
